30
Anne 11111111
1 0
1 0
1 0
Bent 22222222
1 1
1 1
1 1
Daniel10 46514296
0 0
0 0
0 0
Daniel11 46514296
0 0
0 0
0 0
Daniel12 46514296
0 0
0 0
0 0
Daniel13 46514296
0 0
0 0
0 0
Daniel14 46514296
0 0
0 0
0 0
Daniel15 46514296
0 0
0 0
0 0
Daniel16 46514296
0 0
0 0
0 0
Daniel16 46514296
0 0
0 0
0 0
Daniel17 46514296
0 0
0 0
0 0
Daniel18 46514296
0 0
0 0
0 0
Daniel19 46514296
0 0
0 0
0 0
Daniel20 46514296
0 0
0 0
0 0
Daniel21 46514296
0 0
0 0
0 0
Daniel22 46514296
0 0
0 0
0 0
Daniel23 46514296
0 0
0 0
0 0
Daniel24 46514296
0 0
0 0
0 0
Daniel25 46514296
0 0
0 0
0 0
Daniel26 46514296
0 0
0 0
0 0
Daniel27 46514296
0 0
0 0
0 0
Daniel28 46514296
0 0
0 0
0 0
Daniel29 46514296
0 0
0 0
0 0
Daniel30 46514296
0 0
0 0
0 0
Daniel4 46514296
0 0
0 0
0 0
Daniel5 46514296
0 0
0 0
0 0
Daniel6 46514296
0 0
0 0
0 0
Daniel7 46514296
0 0
0 0
0 0
Daniel8 46514296
0 0
0 0
0 0
Daniel9 46514296
0 0
0 0
0 0
Sang 8547728
0 0
0 0
0 0